%YAML:1.0
---
codeid: fractalmarkers
mInfoType: 2
fractal_levels: 3
fractal_external_id: 0
markers:
   - { id:0, bits:[ 0, 0, 1, 0, 0, 1, 1, 0, 0, 0, 0, 0, 0, 1, 1, 1, 0, 0,
       0, 1, 1, 1, 1, 1, 1, 1, 1, 1, 1, 1, 1, 1, 1, 1, 1, 0, 1, 1, 0, 0,
       0, 0, 0, 0, 0, 0, 0, 0, 0, 0, 0, 0, 1, 0, 1, 1, 0, 0, 0, 0, 0, 0,
       0, 0, 0, 0, 0, 0, 0, 0, 1, 1, 0, 1, 0, 0, 0, 0, 0, 0, 0, 0, 0, 0,
       0, 0, 0, 0, 1, 0, 1, 1, 0, 0, 0, 0, 0, 0, 0, 0, 0, 0, 0, 0, 0, 0,
       1, 0, 1, 1, 0, 0, 0, 0, 0, 0, 0, 0, 0, 0, 0, 0, 0, 0, 1, 1, 0, 1,
       0, 0, 0, 0, 0, 0, 0, 0, 0, 0, 0, 0, 0, 0, 1, 1, 1, 1, 0, 0, 0, 0,
       0, 0, 0, 0, 0, 0, 0, 0, 0, 0, 1, 0, 0, 1, 0, 0, 0, 0, 0, 0, 0, 0,
       0, 0, 0, 0, 0, 0, 1, 1, 1, 1, 0, 0, 0, 0, 0, 0, 0, 0, 0, 0, 0, 0,
       0, 0, 1, 1, 1, 1, 0, 0, 0, 0, 0, 0, 0, 0, 0, 0, 0, 0, 0, 0, 1, 1,
       1, 1, 0, 0, 0, 0, 0, 0, 0, 0, 0, 0, 0, 0, 0, 0, 1, 0, 0, 1, 0, 0,
       0, 0, 0, 0, 0, 0, 0, 0, 0, 0, 0, 0, 1, 1, 0, 1, 0, 0, 0, 0, 0, 0,
       0, 0, 0, 0, 0, 0, 0, 0, 1, 0, 1, 1, 0, 0, 0, 0, 0, 0, 0, 0, 0, 0,
       0, 0, 0, 0, 1, 0, 0, 1, 1, 1, 1, 1, 1, 1, 1, 1, 1, 1, 1, 1, 1, 1,
       1, 1, 1, 0, 1, 1, 1, 0, 1, 0, 0, 0, 0, 1, 1, 1, 1, 1, 0, 1 ],
       corners:[ [ -1., 1., 0. ], [ 1., 1., 0. ], [ 1., -1., 0. ], [ -1.,
       -1., 0. ] ], submarkers_id:[ 1 ] }
   - { id:1, bits:[ 0, 1, 0, 1, 1, 1, 0, 1, 1, 1, 1, 1, 1, 1, 1, 0, 0, 1,
       0, 0, 0, 0, 1, 1, 0, 1, 0, 0, 0, 0, 1, 0, 1, 1, 0, 0, 0, 0, 1, 0,
       1, 1, 0, 0, 0, 0, 1, 0, 1, 1, 1, 1, 1, 1, 1, 0, 0, 1, 0, 0, 1, 1,
       0, 1 ], corners:[ [ -6.9999998807907104e-01,
       6.9999998807907104e-01, 0. ], [ 6.9999998807907104e-01,
       6.9999998807907104e-01, 0. ], [ 6.9999998807907104e-01,
       -6.9999998807907104e-01, 0. ], [ -6.9999998807907104e-01,
       -6.9999998807907104e-01, 0. ] ], submarkers_id:[ 2 ] }
   - { id:2, bits:[ 1, 1, 0, 1, 0, 1, 0, 0, 0 ], corners:[ [
       -2.8000000119209290e-01, 2.8000000119209290e-01, 0. ], [
       2.8000000119209290e-01, 2.8000000119209290e-01, 0. ], [
       2.8000000119209290e-01, -2.8000000119209290e-01, 0. ], [
       -2.8000000119209290e-01, -2.8000000119209290e-01, 0. ] ],
       submarkers_id:[] }
